1
2	255	0	0	255
2
2	0	0	255	255
3
3	0	255	0	255
4
4	255	255	0	255
5
5	0	149	246	255
6
6	0	255	0	255
7
7	255	211	0	255
8
8	106	18	141	255
9
9	211	18	255	255
10
10	158	0	0	255
11
11	246	158	220	255
12
12	255	255	114	255
13
13	0	0	255	255
14
14	185	132	88	255
15
15	0	88	0	255
16
16	246	132	9	255
17
17	255	193	132	255
18
18	149	211	79	255
19
19	128	128	128	255
20
20	149	211	79	255
21
21	149	211	79	255
22
22	149	211	79	255
23
23	149	211	79	255
24
24	149	211	79	255
25
25	149	211	79	255
26
26	0	0	0	255
27
27	149	211	79	255
